           sigma=0.4: 0.333061   1.923939  
           sigma=0.8: 0.457865   1.924155  
             sigma=1: 0.415145   1.908992  
           sigma=1.5: 0.328403   1.942692  
