           sigma=0.4: 0.304099   1.908888  
           sigma=0.8: 0.452500   1.945614  
             sigma=1: 0.409550   1.935273  
           sigma=1.5: 0.335891   1.930466  
