           sigma=0.4: 0.351686   0.602502  
           sigma=0.8: 0.501565   0.492795  
             sigma=1: 0.456212   0.496447  
           sigma=1.5: 0.350809   0.506474  
