           sigma=0.4: 0.315135   0.495813  
           sigma=0.8: 0.492914   0.498682  
             sigma=1: 0.449955   0.510597  
           sigma=1.5: 0.356787   0.509572  
